function M=tranz(p)
M=[ 1       0       0       0;
    0       1       0       0;
    0       0       1       p;
    0       0       0       1;
];