function M=trany(p)
M=[ 1       0       0       0;
    0       1       0       p;
    0       0       1       0;
    0       0       0       1;
];